1.8999099909991
1.8982298229822983
1.898169816981698
1.899069906990699
1.8998799879988
1.9014301430143015
1.905990599059906
1.9127512751275129
1.9197219721972196
1.9291729172917291
1.93988398839884
2.0475447544754477
2.1526652665266526
2.1685168516851685
2.2763676367636765
2.291969196919692
2.3062806280628063
2.2316231623162315
2.2503950395039505
2.2685468546854684
2.2853385338533854
2.380988098809881
2.3958695869586957
2.4082408240824082
2.417221722172217
2.504110411041104
2.516151615161516
2.5187918791879187
2.5997499749974997
2.6036303630363036
2.6104910491049105
2.6153615361536153
2.617161716171617
2.622262226222622
2.574887488748875
2.573957395739574
2.625092509250925
2.5662566256625663
2.6553755375537555
2.6025602560256025
2.5230323032303232
2.5253025302530254
2.5611061106110613
2.557935793579358
2.559365936593659
2.5952795279527954
2.5585258525852583
2.557665766576658
2.527082708270827
2.5285728572857287
2.526982698269827
2.53016301630163
2.559165916591659
2.612021202120212
2.6086608660866086
2.605230523052305
2.632803280328033
2.62986298629863
2.644904490449045
2.6431943194319434
2.6375437543754376
2.634723472347235
2.613051305130513
2.608340834083408
2.6086308630863084
2.606970697069707
2.6213321332133215
2.6346334633463346
2.612921292129213
2.610731073107311
2.5955495549554954
2.6085608560856084
2.6083208320832085
2.608400840084008
2.592919291929193
2.578767876787679
2.578757875787579
2.577697769776978
2.57987798779878
2.5924692469246926
2.5904190419041906
2.5924392439243924
2.590839083908391
2.5904390439043903
2.59003900390039
2.5912591259125914
2.5923992399239926
2.592709270927093
2.5836783678367836
2.578897889788979
2.5836283628362837
2.5824982498249827
2.5875587558755875
2.587968796879688
2.5925392539253926
2.589018901890189
2.591009100910091
2.5912391239123913
2.5903290329032904
2.5973997399739974
2.6004400440044004
2.602100210021002
2.6025802580258026
2.6045604560456046
2.603730373037304
2.6027102710271026
2.6043904390439043
2.6085508550855088
2.6056605660566055
2.6175017501750175
2.6175417541754173
2.612861286128613
2.611971197119712
2.616091609160916
2.617081708170817
2.6182618261826183
2.616001600160016
2.6181418141814183
2.6175417541754173
2.6267726772677267
2.6263526352635265
2.6275827582758278
2.6263526352635265
2.6281128112811283
2.627812781278128
2.6254525452545256
2.6248624862486247
2.6228722872287227
2.6236723672367237
2.622262226222622
2.622932293229323
2.6257025702570256
2.622922292229223
2.6233123312331235
2.6216521652165214
2.621272127212721
2.618101810181018
2.6173417341734173
2.616321632163216
2.6160816081608163
2.6163716371637165
2.614051405140514
2.6165716571657165
2.618901890189019
2.6201920192019204
2.618101810181018
2.6201820182018203
2.6197819781978198
2.6264226422642265
2.6275027502750277
2.624902490249025
2.6263526352635265
2.620732073207321
2.615001500150015
2.617681768176818
2.617761776177618
2.6196019601960194
2.6187718771877186
2.6206920692069207
2.617761776177618
2.619021902190219
2.6235823582358235
2.622032203220322
2.623122312231223
2.6262926292629265
2.622952295229523
2.6221622162216223
2.6215821582158214
2.6225322532253226
2.6234423442344235
2.624742474247425
2.6273127312731273
2.6275427542754275
2.6264626462646263
2.6266326632663266
2.623772377237724
2.626022602260226
2.6218821882188217
2.6216721672167216
2.6213421342134215
2.624822482248225
2.624912491249125
2.6245524552455244
2.6213621362136212
2.6231623162316233
2.6250725072507253
2.624912491249125
2.622922292229223
2.625242524252425
2.6216521652165214
2.6242724272427242
2.6245524552455244
2.622822282228223
2.623032303230323
2.623402340234023
2.6182618261826183
2.6205320532053205
2.6186518651865187
2.616041604160416
2.6147514751475147
2.618071807180718
2.6176017601760178
2.6183218321832182
2.618741874187419
2.6185818581858187
2.6174317431743175
2.617321732173217
2.6155515551555157
2.616911691169117
2.6178517851785177
2.619031903190319
2.618601860186019
2.6173017301730175
2.6202720272027205
2.6182818281828184
2.6193119311931192
2.6203320332033204
2.6225822582258225
2.623922392239224
2.621072107210721
2.6215021502150213
2.623122312231223
2.6237423742374237
2.621782178217822
2.622932293229323
2.6249324932493248
2.626182618261826
2.6235123512351235
2.623132313231323
2.624832483248325
2.6235023502350234
2.623962396239624
2.62009200920092
2.6225922592259225
2.623112311231123
2.6196019601960194
2.6215621562156217
2.6202620262026204
2.6177017701770176
2.6174917491749174
2.6203820382038203
2.6192119211921194
2.614001400140014
2.615691569156916
2.612861286128613
2.6142414241424143
2.615781578157816
2.6156715671567157
2.6166016601660167
2.6165916591659166
2.614071407140714
2.6153115311531154
2.6124812481248125
2.613781378137814
2.6136613661366135
2.612931293129313
2.617801780178018
2.6156615661566156
2.614851485148515
2.6173717371737175
2.6192519251925193
2.6195319531953194
2.616131613161316
2.6174917491749174
2.618381838183818
2.616811681168117
2.617761776177618
2.6194819481948195
2.620792079207921
2.6234823482348233
2.625192519251925
2.6237323732373237
2.6223822382238224
2.6284228422842286
2.6304930493049303
2.6286128612861286
2.6298129812981297
2.6324032403240323
2.632913291329133
2.631753175317532
2.6312131213121313
2.6286028602860285
2.627662766276628
2.6253525352535254
2.6284328432843282
2.6288228822882287
2.6261326132613263
2.626732673267327
2.626962696269627
2.6291729172917293
2.6274727472747275
2.6254725472547253
2.621072107210721
2.6196219621962196
2.6204120412041205
2.6214821482148216
2.6254425442544256
2.6252125212521253
2.6253725372537255
2.623272327232723
