1.8999099909991
1.8987798779877987
1.8985298529852985
1.8984898489848985
1.8984198419841984
1.8983298329832983
1.8983698369836983
1.8983698369836983
1.898979897989799
1.8995099509950994
1.9004700470047005
1.901980198019802
1.9036503650365038
1.9065506550655065
1.907830783078308
1.9098209820982097
1.913011301130113
1.9167216721672167
1.9214321432143215
1.9248624862486248
1.931083108310831
1.936033603360336
1.9417741774177417
1.9480448044804481
1.9505850585058506
1.9573357335733574
2.035043504350435
2.0416641664166417
2.047264726472647
2.067726772677268
2.07004700470047
2.0813581358135815
2.0832983298329832
2.088178817881788
2.0937893789378936
2.056985698569857
2.0643364336433643
2.1013001300130014
2.0817581758175816
2.082918291829183
2.0887088708870887
2.0897489748974896
2.092959295929593
2.1087108710871085
2.133733373337334
2.1383538353835383
2.1356835683568356
2.1456845684568457
2.161106110611061
2.1675767576757674
2.149034903490349
2.158135813581358
2.159015901590159
2.1676267626762677
2.158995899589959
2.156805680568057
2.1606460646064605
2.1686168616861687
2.181148114811481
2.1814881488148816
2.170817081708171
2.174087408740874
2.1761576157615763
2.17985798579858
2.169136913691369
2.165716571657166
2.1684568456845685
2.166006600660066
2.1745974597459745
2.1782978297829785
2.1708470847084707
2.1494149414941495
2.15007500750075
2.1827482748274827
2.1659065906590658
2.187858785878588
2.1922092209220922
2.195369536953695
2.196719671967197
2.191999199919992
2.199199919991999
2.198019801980198
2.199059905990599
2.212001200120012
2.2130913091309132
2.22012201220122
2.2273227322732274
2.228832883288329
2.2135013501350134
2.215261526152615
2.205920592059206
2.213891389138914
2.223832383238324
2.2416741674167415
2.248894889488949
2.2523052305230524
2.2595359535953596
2.2626562656265627
2.2733373337333735
2.2524452445244525
2.240974097409741
2.2456545654565456
2.2454545454545456
2.250785078507851
2.2533053305330535
2.2396339633963396
2.237093709370937
2.2351635163516352
2.2492549254925494
2.2552555255525553
2.264026402640264
2.2654465446544654
2.2613561356135614
2.262736273627363
2.2717671767176717
2.2733773377337734
2.289128912891289
2.291969196919692
2.275017501750175
2.2762176217621763
2.2815281528152815
2.281088108810881
2.285598559855986
2.286928692869287
2.2885288528852885
2.288838883888389
2.2867086708670867
2.287988798879888
2.289278927892789
2.2998899889989
2.302360236023602
2.301160116011601
2.294949494949495
2.287838783878388
2.291989198919892
2.2876687668766875
2.298999899989999
2.298979897989799
2.299799979998
2.3087708770877087
2.3036803680368036
2.303420342034203
2.301970197019702
2.2967296729672966
2.2995299529952997
2.3031003100310032
2.312631263126313
2.306740674067407
2.3056605660566056
2.3033203320332034
2.301860186018602
2.307900790079008
2.320842084208421
2.318861886188619
2.3194719471947196
2.317051705170517
2.3153615361536155
2.316291629162916
2.312331233123312
2.310781078107811
2.3092509250925093
2.3174817481748176
2.3213821382138216
2.3270927092709273
2.328002800280028
2.3276827682768277
2.337983798379838
2.3416841684168417
2.3384838483848385
2.3414741474147416
2.3364336433643365
2.34016401640164
2.3423542354235423
2.342004200420042
2.342844284428443
2.3425442544254427
2.3475547554755476
2.3516551655165516
2.3503950395039506
2.346084608460846
2.3515151515151516
2.352025202520252
2.348934893489349
2.3545154515451547
2.3556355635563557
2.361896189618962
2.3575057505750574
2.3582358235823584
2.347064706470647
2.3486648664866485
2.351965196519652
2.3534253425342535
2.3515551555155514
2.349264926492649
2.347024702470247
2.3488048804880486
2.347304730473047
2.3494449444944494
2.3434743474347433
2.3357235723572356
2.3417241724172415
2.347884788478848
2.346234623462346
2.3495849584958495
2.3435943594359436
2.3439343934393437
2.342974297429743
2.3516651665166517
2.352735273527353
2.3512951295129514
2.3546954695469546
2.3582458245824585
2.360926092609261
2.3632663266326634
2.3652965296529653
2.363096309630963
2.3615861586158617
2.359045904590459
2.363976397639764
2.354135413541354
2.3555455545554556
2.3538353835383536
2.3562356235623563
2.3537653765376536
2.3595159515951596
2.36003600360036
2.3593359335933592
2.3601460146014603
2.356975697569757
2.3627662766276627
2.367966796679668
2.3658765876587657
2.3615561556155615
2.35997599759976
2.363846384638464
2.3675367536753678
2.367176717671767
2.364976497649765
2.364696469646965
2.3674267426742674
2.3671467146714673
2.362946294629463
2.3663666366636664
2.362886288628863
2.36017601760176
2.366006600660066
2.365276527652765
2.3656365636563654
2.3696869686968696
2.3692669266926694
2.371217121712171
2.36996699669967
2.3706670667066705
2.372217221722172
2.378987898789879
2.378777877787779
2.3752175217521754
2.3734473447344735
2.3726672667266726
2.3687168716871687
2.367936793679368
2.370877087708771
2.3656765676567657
2.3664866486648664
2.365696569656966
2.367386738673867
2.3664966496649664
2.367386738673867
2.367316731673167
2.366956695669567
2.3682868286828684
2.367186718671867
2.3644464446444644
2.3671467146714673
2.367326732673267
2.3676367636763676
2.3724872487248723
2.369366936693669
2.37015701570157
2.368046804680468
2.3684068406840684
2.3679267926792678
2.368676867686769
2.3696869686968696
2.369156915691569
2.3665466546654668
2.365906590659066
2.3675367536753678
2.3685268526852687
2.368906890689069
2.365846584658466
2.3664766476647663
2.3692569256925693
2.3725272527252725
2.372697269726973
2.373957395739574
2.376087608760876
2.377587758775878
2.372887288728873
2.3742974297429744
