0.999
0.44741088462905537
0.4606638539267755
0.46826440654611895
0.47176133380199525
0.46814149365047025
0.46405915984622115
0.457444574344709
0.44849869617621874
0.4374407342500278
0.425069205267571
0.4143945987670378
0.4025206159491116
0.38962537825016125
0.37687955426286046
0.36514492302055324
0.34999170377188665
0.33642371089987994
0.32353477779135914
0.3112628011620547
0.2986676438072415
0.28839787395020283
0.27656623634432237
0.2660297744244695
0.25556856691167834
0.24684317784740717
0.23689118152192015
0.22422979739680685
0.21362645585205925
0.2059016979554118
0.19489347844976856
0.18703839732744718
0.17827582072466072
0.17087616042936718
0.16290568066860525
0.15642574286728547
0.15033857088407987
0.1438216668692562
0.1369960421667627
0.13081741824626572
0.1252741969938329
0.11966902107988284
0.11425075265277669
0.10892395625710061
0.10405785071925587
0.09935692107019144
0.09454653162078246
0.09020822349496116
0.08570117871380885
0.08128075829131859
0.0771630231109445
0.07307787130086342
0.06942182299699175
0.06602616378941803
0.06255318696401374
0.05908731552324588
0.05605346440083529
0.052945215881871004
0.050294399957435156
0.04791032514422888
0.045092537898271744
0.043031077246347964
0.040328527433954424
0.0383425881059938
0.03653069756257144
0.034353814498036976
0.032786704823042835
0.031034184100734385
0.029661520874123794
0.027970281781758175
0.026700335658099553
0.025331715169574307
0.024181454754112836
0.023105316934005256
0.022036975468966487
0.021005003907376453
0.02028156689304136
0.019523484455650247
0.018685941805044928
0.018103204916739286
0.017212281249711848
0.016837693967748642
0.016133157029402122
0.01579631101232978
0.015190957660539166
0.014691967064538623
0.014149856957250476
0.01356668413783235
0.013128598333179165
0.012738369322370803
0.012444774076028751
0.012390077395552463
0.012354714540598116
0.012119858930739405
0.011957520958152968
0.011659745031828617
0.011663185410916179
0.011524721552833269
0.011402597421843522
0.011308707941095387
0.011247200468978345
0.011087192576412294
0.01099947123287483
0.010841062472679025
0.010824047325674803
0.01075073664176318
0.010874986851107351
0.010752991549228489
0.01083772955031495
0.010766199889741337
0.010663875100531614
0.010699190103351722
0.010694750576344267
0.010718317423392848
0.010581488841159
0.010617666339994473
0.010481726060176645
0.010444416774081448
0.010248771404041783
0.010289380378250005
0.010260985620863548
0.010200900799881188
0.010091143460687952
0.010242339744515851
0.010145798639095654
0.010213661929457047
0.010144110296903706
0.010104275048145489
0.010113423653563103
0.010154087023035777
0.010003445974955547
0.01012550871334759
0.01008747781580637
0.009979951404183496
0.010060580484286317
0.009968462906444684
0.010027984996232246
0.009785197011963075
0.009854530332944674
0.00987443521050618
0.009882421735588155
0.009941787647937815
0.009778071863342331
0.009653425149444617
0.009702611147028911
0.009663024287810936
0.009495855076668865
0.009656941872435662
0.009611712596604092
0.009591952567568339
0.009711881237058437
0.009879786765934692
0.009901755779386272
0.009934260335456096
0.010045826862882527
0.009853477049705907
0.009664626362176557
0.009785129154036188
0.009820600985365793
0.00973284171966217
0.009746365121891521
0.009782410208629888
0.00968716205937521
0.009755937867956272
0.009702529129931619
0.009885979626197418
0.009911952793854859
0.009982188019317616
0.009968050836000823
0.009776064999300626
0.009735150843465767
0.009801622162975412
0.009874039749462708
0.009974646619089167
0.009892027225947547
0.009918703826983073
0.009725630394630164
0.009835499605911025
0.009877541419986133
0.00991937833685426
0.009905941321169875
0.009865301067746924
0.009960170310440131
0.009924599535176621
0.009862927796368942
0.009927030416811918
0.009807393000697575
0.00962041654930336
0.009650354777328089
0.009671233313650017
0.009591669119220882
0.00964329248699616
0.009467144147631773
0.009471443999136755
0.009566284508866246
0.009605487502038481
0.009702261226698195
0.00964399642048156
0.009583273926964555
0.00939908068331759
0.009513591129172194
0.009409597051890132
0.009479752192482661
0.009362227978446902
0.009450418422446854
0.00958193351356848
0.009611489672634258
0.009713636331876403
0.009765558003385922
0.009721542643637568
0.009739545480929356
0.009714765814484251
0.009741504374916655
0.00971014822822911
0.00978399650348665
0.009818044392881666
0.00968776309816833
0.009592920610972172
0.009535779964679308
0.009556157283988566
0.009689153234692851
0.009512887186717714
0.009660832101173173
0.00956952180192491
0.009577225958257454
0.009639453287828786
0.009662960881199957
0.009709520247088228
0.00983959091602181
0.009853681526347679
0.009708361866344283
0.009752445412047107
0.009794434169507414
0.009666569450016076
0.009667523931185034
0.009568520300308128
0.00958477701623156
0.009748683310713577
0.009637178386578361
0.009587873523083637
0.009672521322798996
0.009618529074564246
0.0097081688488263
0.009641258778706021
0.009736313887701346
0.00967285930880774
0.009710907405857405
0.00980492085396663
0.009682080282773783
0.009615618042836843
0.009513983051235015
0.009713827691679486
0.009699533342962998
0.009589753882039942
0.00947957040830137
0.00943240024561665
0.009399451835777619
0.009499457470585051
0.00938096258326283
0.009302596549225498
0.009299011071379166
0.009489530849485318
0.00945262772468793
0.00945809693587326
0.009375140957749977
0.009391657160538655
0.009343763345839846
0.009273178900148156
0.0093541158336595
0.009477814567195939
0.009329449590238726
0.00935262149521671
0.009454536170385113
0.009448872463908953
0.009503999759244
0.009615441772990561
0.009651293230510546
0.00962954537857125
0.00950876433582222
0.00931768651118981
0.009403049653722604
0.009424445973645694
0.009147415136001319
0.009172662321706757
0.009184918902841493
0.00925383286473202
0.00939011841467723
0.009374188082674992
0.009440045570759628
0.009494113432377573
0.009485093372741114
0.009506232637202513
0.009519234329614974
0.009527489215256056
0.009416234647277854
0.009483927452176223
0.009547094309578934
0.009741014616278784
0.009507937913642696
0.009542197111929124
