0.999
0.47749383003785945
0.5038160875237782
0.5121990688144473
0.5152714435886298
0.48370471512011426
0.4805317503947112
0.4739771322147272
0.46861676935416796
0.460186762179099
0.4387693193069063
0.4268870103184275
0.41617581929649017
0.4021403679679539
0.3910780480761962
0.38184340071137485
0.3681968591266723
0.35866693277074263
0.3437670776542891
0.33066447893054707
0.3204405344644377
0.3079352241872569
0.29732799450407793
0.28685336784785515
0.2750834197068552
0.2642424277759315
0.2525342026259989
0.2428334164953339
0.23156974593882146
0.22209283094823887
0.21277113933192943
0.20437333254718448
0.1949863033745567
0.18730200924858523
0.17799614673847786
0.17167951157230116
0.16401302622582478
0.15708232070525674
0.15061289123841434
0.1440720406403862
0.13695312365483198
0.1297484698246162
0.12365699099843534
0.11747443049933697
0.11159017734972598
0.10698011348571518
0.1026044235001733
0.09788440278074988
0.09286042486722348
0.08894478988979493
0.0853008427066617
0.08176806603048328
0.07847502316119492
0.07519408005706558
0.07187879654060728
0.06876901977082947
0.06606350166550543
0.06363036369370312
0.06096411782840667
0.05900241535742106
0.05672256878991764
0.05470286045142714
0.052770167871918884
0.05072089957405301
0.0492048989963829
0.04754764861627671
0.0459582911532411
0.04435962779961736
0.04269234172686332
0.041369633044953516
0.040121601707346015
0.03901408495497247
0.03804261027170771
0.037064521647156186
0.036122055378999575
0.03510778106484772
0.03399661829002303
0.033358183421764734
0.03272717010681158
0.03180193356543128
0.031038080967410214
0.03026952054717071
0.02960060202557992
0.02891918116587992
0.028203581289096818
0.027467280921726657
0.026947280071157608
0.02652287546464462
0.02598099931959194
0.025591282297735805
0.025215582965677583
0.02483817412303484
0.024360955120121323
0.02392596788008392
0.023472219858589015
0.022947539482586946
0.022697997731316054
0.022347753372445597
0.022078652137672208
0.02175048329689074
0.021542875324192384
0.02120200525551669
0.020943692490835487
0.02057903519298284
0.020414154916958253
0.020116725151773922
0.019841483453367816
0.019717798491111074
0.01946635584817773
0.019329959176166235
0.019107019879943003
0.018875125858346147
0.018680785563322238
0.01851752615017383
0.01849581031311751
0.01834700641534404
0.01823774127990194
0.01809525862844173
0.017996896951567594
0.0179239784462693
0.017728637931425796
0.01759320153753785
0.017504311047498767
0.017401316601205277
0.017221096228377322
0.017146864383506235
0.01710293650598465
0.01707066319878134
0.016985778020699088
0.016938042228507703
0.016821020372869623
0.016688017197520846
0.016636389084232674
0.01655243458038458
0.016460775209999334
0.016410171468429133
0.01631176316483205
0.01618374763572479
0.016131164093664965
0.016205526601241683
0.016201235449012794
0.016102979176691543
0.015934357136820516
0.015940267018382578
0.015921405910600345
0.01581063359311105
0.015807022489223933
0.015806626702567432
0.01579816100617738
0.01570668302446311
0.015609689553227732
0.015542531849355872
0.015437543663354952
0.015367871061092938
0.015385131810413868
0.015306570643784007
0.015180577269795097
0.015159513184298545
0.015183557789935903
0.015133704370084088
0.015042480651538348
0.015020342805125056
0.01501813856142636
0.014887199970666771
0.014830916882640776
0.01475265096602299
0.014735000212053472
0.01467289576292416
0.014644494299367606
0.0145630104008356
0.014573405714853377
0.014562155171530325
0.014505137392774913
0.01446230641821173
0.014492441893454845
0.014495799958831556
0.01441598926383566
0.014445400743288237
0.014397395197558312
0.014402068063392174
0.014274548873667034
0.014199446202320483
0.01417294347256087
0.014133620727051068
0.014123274435204926
0.014060444340227811
0.014086988132001089
0.014094955884573464
0.013989923791912998
0.013946972248788735
0.013894609566644548
0.013910108792030666
0.0139205262831573
0.013984170533236038
0.013995717660973163
0.013925815878728839
0.013837966859392177
0.013788388558213934
0.01380629097640743
0.01375423739877104
0.013723474608250331
0.01372493702843935
0.01370942329009646
0.013718600135313836
0.01368115627036321
0.01366792380439265
0.013650932397641993
0.01360282821932993
0.013527739784017428
0.013466459897809237
0.013415316551352065
0.013365035133196777
0.013326922842092456
0.013319517342650149
0.013315228130497906
0.013283408018138656
0.013253937979065784
0.013240977588008187
0.01321910869556556
0.013187843735155429
0.013253905878003455
0.013228649932575103
0.013197837731127014
0.013218433823886972
0.013269783302901187
0.013228610552837264
0.013239950321551784
0.013284947700756344
0.01322847831759443
0.013160535847544418
0.013170354318407736
0.013151785773935172
0.013092137198459803
0.013097172196706435
0.01312151707757773
0.013143005118666527
0.013126486310635026
0.013110228323667202
0.013066879329572137
0.013044974754415288
0.01304561864049186
0.012975245569325528
0.012941183020609724
0.012927516598303044
0.012935461552253742
0.013011342251273024
0.01303604412895755
0.013022940827901801
0.012962742415527244
0.012941025439852458
0.012909111506211353
0.012876759629150171
0.012849041813360414
0.012860533695781603
0.012822140557282612
0.01280763644669443
0.012831801637755593
0.012794584424583665
0.012802566099969583
0.012790955323795657
0.012724664258833115
0.01265075824828359
0.012613127259572657
0.0126522616215717
0.012619874678748557
0.012619650459222842
0.012580087303313076
0.012680769787027245
0.012714033989713552
0.01268304326081119
0.012625060701144006
0.01257179321272662
0.012537641054828476
0.012555504475315102
0.012550920720196285
0.012626284700616084
0.012641592054822523
0.0126015652379055
0.012615827572016123
0.012635091711427304
0.01260832976634729
0.012576101803791427
0.012559602657719967
0.012522829217769657
0.012451883842105988
0.012495899391829792
0.012458717198555546
0.012478722995540844
0.012471210594659771
0.012452902092797825
0.012430993197781171
0.012435677380634148
0.012404936911783697
0.012396559479228141
0.012387623184464947
0.012431251439628008
0.012443128331895974
0.012394222648100561
0.012302809699864683
0.0123099017126877
