0	0.999
1	0.41683033548812004
2	0.4277800599509461
3	0.4244941899764861
4	0.4205271847927699
5	0.4150191721695436
6	0.41633955982754506
7	0.4029435043363074
8	0.3815279954517439
9	0.3674556104170054
10	0.3502908201080988
11	0.3383029817570879
12	0.32269603095463795
13	0.30561900187280655
14	0.29335334702511395
15	0.27694175557146467
16	0.26302518776589706
17	0.25328499848654673
18	0.23808964173178596
19	0.22856473589330192
20	0.21948442084143321
21	0.20838168954225705
22	0.19544025173276422
23	0.18667257322972666
24	0.17619171943905218
25	0.16813017808032396
26	0.16267497836712577
27	0.1545853837033883
28	0.14687379976759307
29	0.14174912917210922
30	0.13240076637481404
31	0.1257309474912079
32	0.12193429253108644
33	0.11674993583038476
34	0.11302972428850915
35	0.11005309199048072
36	0.10484112951265451
37	0.10283343333337558
38	0.09971694706589916
39	0.09452834900287063
40	0.09165833466118786
41	0.0872634135801331
42	0.08427470035162506
43	0.08105378174415581
44	0.07890436064866962
45	0.07652007248897273
46	0.07387105299024095
47	0.0707555107325799
48	0.06892917202746933
49	0.06692760247134294
50	0.06373443773654158
51	0.06132578541108972
52	0.05899796220628764
53	0.05695306677217676
54	0.056011880464527444
55	0.054742567899237454
56	0.052212169360419
57	0.051200668417429415
58	0.05002797091049357
59	0.048391714824397934
60	0.04737832384975718
61	0.04638465004711868
62	0.044820793678707775
63	0.04395871004794246
64	0.04298127042469549
65	0.04229964309406107
66	0.04117281493201294
67	0.040133500955824415
68	0.039071419386833194
69	0.038118963289412444
70	0.03713719282652858
71	0.036282730384528124
72	0.03536962595476649
73	0.03447217867115039
74	0.033806888970096836
75	0.03320246639877216
76	0.03273347361241152
77	0.03216468878213584
78	0.03163188149184802
79	0.031100433413516586
80	0.030572031506479427
81	0.0296297915313721
82	0.02917393521621099
83	0.028290393639913817
84	0.02800070535793526
85	0.02728574830602396
86	0.027021707397619908
87	0.02642048914744741
88	0.025762266245402374
89	0.025181824440130535
90	0.024857289096748794
91	0.02458036678387278
92	0.024109556913533507
93	0.023906057705378726
94	0.02318372683265388
95	0.022835034850662433
96	0.022322225067982412
97	0.021959273009953963
98	0.021545533008604092
99	0.021057283519949496
100	0.02088091099008448
101	0.02069599935917516
102	0.02040565684666656
103	0.0202524046299706
104	0.019940200452152324
105	0.019660708003113002
106	0.019493246060703465
107	0.019238646588431718
108	0.01894645261077502
109	0.018596292384682567
110	0.01858982129344668
111	0.018088128775612666
112	0.017854600036309797
113	0.01757922999655154
114	0.017525633362647928
115	0.017431105455389676
116	0.017231882265265872
117	0.01691961798265474
118	0.01653677826619283
119	0.016497874350406196
120	0.016420221042016462
121	0.016398540594401257
122	0.01622735748446475
123	0.016080869336000902
124	0.015867437146769595
125	0.015786949362951073
126	0.015412911720133548
127	0.015145041697904192
128	0.014930291165278787
129	0.014810031453189515
130	0.0147237296627549
131	0.014616102484261841
132	0.01452970523930297
133	0.01435899228553028
134	0.014271674365582304
135	0.014179259983243658
136	0.01409754252305465
137	0.013894100455112132
138	0.013868862911461785
139	0.013722512536595712
140	0.013471086177991075
141	0.013427392408198917
142	0.013174730714414681
143	0.013120080171750006
144	0.012873355455899467
145	0.012841531771968792
146	0.012766236877567992
147	0.012518200830454598
148	0.012285875321228148
149	0.012070974347086563
150	0.01207913567803093
151	0.01211586410787462
152	0.012145661750698646
153	0.011963019585813786
154	0.012012804734627569
155	0.012020763078443544
156	0.011864238940964866
157	0.011678875262311308
158	0.011647168378988182
159	0.011464570132924925
160	0.011372544017668886
161	0.011212123271213261
162	0.011303481428380113
163	0.011292326246469093
164	0.011384055772386804
165	0.011308277546657749
166	0.011251274252981978
167	0.011174256200531382
168	0.010936850078414793
169	0.010887396166800045
170	0.010895090937452709
171	0.010673199732281135
172	0.010632642652772454
173	0.010354541192282107
174	0.010296583136589455
175	0.010145416383150592
176	0.010113616346112717
177	0.010096473787218755
178	0.01003190640847949
179	0.010144835565247834
180	0.009954430112688668
181	0.009885972229905397
182	0.009847453150898302
183	0.009716267672769383
184	0.00963750012455108
185	0.009731693034124876
186	0.00965184911891618
187	0.009608259380597724
188	0.009505945265514433
189	0.009440381916729062
190	0.00932781468795217
191	0.0094108695074732
192	0.009259020160465538
193	0.009268689671501747
194	0.009322519184467809
195	0.009179608523924312
196	0.009222743978014277
197	0.00911724761194933
198	0.009020798423840674
199	0.00900007434979537
200	0.00893901241517896
201	0.008942959234830596
202	0.008859628013575656
203	0.008730246772398094
204	0.008644516262264335
205	0.008756815799673214
206	0.008791785616910984
207	0.00873367677367534
208	0.00869750533408477
209	0.00863994422905184
210	0.008658577721073821
211	0.008620105802059344
212	0.008545493930312622
213	0.008378686727573888
214	0.008477978824579652
215	0.008386105017293807
216	0.008412272021206644
217	0.008316838870104119
218	0.008367143432374897
219	0.008372888559813036
220	0.00825754852568094
221	0.008141298123963402
222	0.00825444292897781
223	0.00820904800835663
224	0.008222581428832214
225	0.008120463961217898
226	0.008090603669650592
227	0.008135812334851144
228	0.008143419328860662
229	0.008130880371360661
230	0.008068543056364171
231	0.00798144318305357
232	0.007974438479508182
233	0.007918293059028886
234	0.007951212405244316
235	0.007966363922520621
236	0.007971287153006781
237	0.007870095679650704
238	0.007866592740709982
239	0.007871050670181349
240	0.00777716638470949
241	0.007754028227206752
242	0.007822401630284827
243	0.007770311992639556
244	0.007827701006827762
245	0.00785777304574044
246	0.007796438574030467
247	0.007772042589426887
248	0.007788766931448682
249	0.007752117568784378
250	0.007784903129836184
251	0.0076496752441861295
252	0.007537712272045663
253	0.007398511344404026
254	0.00752014376404903
255	0.007492743582080533
256	0.007586839549312269
257	0.00749784982387907
258	0.007524402425214967
259	0.007540249522634357
260	0.007506111401265373
261	0.007550151909878784
262	0.007459544705571257
263	0.007486856920390612
264	0.007407238140958353
265	0.007390399656545459
266	0.007429624740255054
267	0.007507162070349273
268	0.007456273240796358
269	0.007382537134205634
270	0.007315636999039396
271	0.007315213285113999
272	0.0072933056297757775
273	0.0072862091628113175
274	0.0072624945396056965
275	0.007167038789555091
276	0.007168782712331206
277	0.007189738014939418
278	0.007063709453967672
279	0.0069531201160827
280	0.006891358343672796
281	0.006912605598106485
282	0.006893650032935925
283	0.006974501823133325
284	0.006959736341775088
285	0.006929400081035863
286	0.006962670841420182
287	0.007011598433662714
288	0.007019386671094891
289	0.006943559503785648
290	0.006840559476618438
291	0.006811673546352159
292	0.006862905239196312
293	0.006794640654484035
294	0.006798511925616272
295	0.0067885380064309315
296	0.006801907323231354
297	0.006836635417335115
298	0.006856328988602672
299	0.006846892490046449
