0.0
0.10399999999999983
0.2991999999999999
0.43514761904761745
0.5564761904761893
0.6355460317460322
0.6905803751803753
0.728926046176046
0.7634217416570347
0.7845319275753477
0.8049692300647397
0.8251783641539068
0.8354056154973337
0.8416759122284659
0.8480186071802738
0.851843136121219
0.8567267803837326
0.8535241129695587
0.8525950495261598
0.8527302135529181
0.8540107452789365
0.8538822700205526
0.8477809100365811
0.8450579393734579
0.8420849429190486
0.8376071048449707
0.8365656504046171
0.8299461920255815
0.8258234552852775
0.8231832425781666
0.8223805884301697
0.8231114997675218
0.821595337998434
0.815883829199213
0.8100119879347518
0.8067904185522934
0.803535322822856
0.8033840422992443
0.8004753688779606
0.7967134191973669
0.7971720604792218
0.7941806557787515
0.7937480697962186
0.7902186790572566
0.7881751032439512
0.785178724760661
0.7811150855913823
0.777391462164195
0.77567330938505
0.7724788336010726
0.7691457725160535
0.7658371596348309
0.7619049088472802
0.7594710840385603
0.7563370121893492
0.7545119236750529
0.7527122931245521
0.7516404898364418
0.7500773470327641
0.7486249773705174
0.744044241303199
0.7416745768249864
0.7399276609132083
0.7375002219549835
0.7353857732580348
0.7327057226332329
0.7253563384919551
0.7228045342619397
0.7180168257362917
0.7129357379342366
0.7069700384023334
0.7034744159580048
0.6981615635209114
0.6949098323576806
0.6904013051128814
0.6846591255211278
0.6794576760073406
0.674667077253
0.6692776437397371
0.6634116446819828
0.658007025961017
0.65245384966678
0.646220545023128
0.63928286667608
0.6338276486810301
0.6259040563807596
0.6193754587215836
0.6118414377306377
0.6071138827425177
0.6017156954248246
0.5961180855795782
0.5889368412836
0.5833762384586968
0.5791104587951375
0.5736350124283602
0.5668617928951374
0.560522962340015
0.5518007769260936
0.544535564439918
0.5389929115119954
0.5320490759773582
0.5256568216405879
0.5182521903126227
0.5119191699505247
0.5058935169108596
0.5006847777995284
0.4932391790749401
0.48641185987316077
0.48058361989614684
0.47632340516515065
0.47102586443151373
0.4653030373808442
0.4604606900650721
0.4550142814508283
0.44839491048990243
0.4422520912915991
0.4356769009631792
0.4311826833767123
0.4244608366102912
0.4182662475172087
0.41237668256316823
0.4082844706828002
0.40371016944692917
0.39881283062884565
0.3930407653915416
0.3878749501854554
0.3831869626650257
0.3782106973075279
0.37133666897681006
0.3657017934880421
0.36038151585914047
0.3546941557221582
0.35015610081438503
0.3453884351470836
0.3400849264398204
0.3366330652983296
0.3322879624443061
0.32741630138638894
0.3222547420756425
0.31753377937958777
0.3137808841673159
0.30895746524840867
0.305209486483859
0.30159665477067515
0.29617779191979726
0.2912992604663182
0.2875696969876828
0.2831368043139875
0.27894364579835923
0.2763008855173348
0.27244316690896253
0.26820363442611134
0.2651807646355346
0.25973691222232953
0.25578518110250453
0.25335557196106995
0.25004302481227064
0.24627539395470732
0.2441354042978763
0.2402556549763888
0.2371197912418931
0.23307237474865924
0.2284332871701672
0.22394610718042385
0.2205704062484542
0.21639011031697938
0.21286879408187523
0.20963582759071825
0.20611186827619696
0.2026222846950789
0.19925645699383338
0.19574237673241376
0.19210947988119262
0.1883393665662319
0.18546738635643523
0.18243060986591525
0.18011273698722843
0.17679122873604877
0.17364368061112403
0.17102717020574393
0.16816827813132962
0.16639715714667766
0.16329121086275858
0.16030051889682553
0.15703365070756883
0.154715028059321
0.15244079169712968
0.14981385132146172
0.1465229382211445
0.1438303577507415
0.14203138975510665
0.13971318737790145
0.13628046992460857
0.1335770900348625
0.1310506643647527
0.1290671757359684
0.1269860812465372
0.12450643526675831
0.12194759855974033
0.11950817643402369
0.1174626023182311
0.11478124810114411
0.11253733934994666
0.10999174147267717
0.10807673036253178
0.10628526885981979
0.1039090248912192
0.10181589663490902
0.09941598454674341
0.0971351090206899
0.0952231039531606
0.09296830368860368
0.0916006087393056
0.08981683854741977
0.08798855955177233
0.08630262833862085
0.08471424309797489
0.08324167655784949
0.08132198928659079
0.07951867899896384
0.07816057625460462
0.07676217154398811
0.07502399067166933
0.07340010499272184
0.0718443102331204
0.07040726952254713
0.06908090589164215
0.06767280662516786
0.06671740846087176
0.06521960801243745
0.06391726297806431
0.06252231675338507
0.06130852714323288
0.059836185737245896
0.05883921307886525
0.05751235975961712
0.05662062831890641
0.05553781142130691
0.0544083160209242
0.05317088266662385
0.05211874085115597
0.05106015427572808
0.05004675735103537
0.04894497388453775
0.04790002927637917
0.04694758196565856
0.04599530904748268
0.0451485899793103
0.04435530068026422
0.04343217233028536
0.0426027852426422
0.04187715487350593
0.041072773607620044
0.04023383708835425
0.03941096827067602
0.03865556211514399
0.03772897171427704
0.03698889509207778
0.03616324396932272
0.035435701908694654
0.034725536342121305
0.03399825114340259
0.03329221609051168
0.032594798149002
0.03191845458256398
0.03132388494566439
0.030742493760345945
0.03006294429716526
0.02953282202687268
0.029003396857100325
0.02850864388988019
0.027949879763502158
0.027400827021749785
0.026883009129745613
0.026183469513742577
0.025709403722274874
0.025194298566345155
0.02461812170529649
0.024207723646496718
0.023776081163902806
0.023259038224603092
0.022824993856122817
0.02243270796552828
0.022016692441895813
0.021560551455787672
0.021316108075680944
0.020852684258143656
0.020429804145076804
0.02009910008018505
0.019689849824735112
0.019312888435136063
0.01892571007572995
0.018669752622226407
0.01837183427751717
0.018106097309059675
0.017769656120795632
0.017435263341099086
0.01705296860080829
0.01684268913103071
0.01657282868717104
