0	2500.2500250025
1	2335.5647664766475
2	2004.6156615661566
3	1741.3228722872286
4	1527.3829182918291
5	1346.4699869986998
6	1198.4146314631464
7	1084.9051405140515
8	976.8968696869687
9	879.6236223622362
10	806.417891789179
11	745.2452145214521
12	689.3640564056406
13	631.6966096609661
14	589.2239423942394
15	541.2093309330933
16	497.0139613961396
17	457.53269326932696
18	426.6009900990099
19	395.9445344534453
20	375.15253525352534
21	350.9233223322332
22	324.4071107110711
23	306.5899289928993
24	288.7086208620862
25	270.7213321332133
26	253.16075607560757
27	236.9152515251525
28	222.08707870787077
29	211.23078307830784
30	196.42885288528853
31	186.3021202120212
32	176.16834683468346
33	166.52855285528554
34	158.98268826882688
35	154.97273727372738
36	147.39199919991998
37	138.8207120712071
38	132.63840384038403
39	126.74643464346434
40	120.57496749674968
41	113.25599559955995
42	108.84856485648565
43	103.82496249624963
44	101.35755575557556
45	94.9037903790379
46	92.76577657765776
47	88.79224922492249
48	84.8945894589459
49	80.81571157115711
50	79.04407440744075
51	76.01506150615062
52	73.71216121612161
53	71.81577157715772
54	68.46797679767977
55	66.62473247324732
56	63.007480748074805
57	61.46951695169517
58	58.73844384438444
59	57.26132613261326
60	55.21143114311431
61	53.47779777977798
62	51.98469846984698
63	50.05703570357036
64	49.3044404440444
65	48.48964896489649
66	47.025352535253525
67	46.39520952095209
68	44.70625062506251
69	43.2980598059806
70	42.137293729372935
71	40.94757475747575
72	39.88289828982898
73	38.63464346434643
74	37.10642064206421
75	35.72960296029603
76	34.63208320832083
77	34.45012501250125
78	33.7986198619862
79	33.009110911091106
80	32.40942094209421
81	31.532393239323934
82	30.202220222022202
83	29.376367636763675
84	29.054635463546354
85	28.4001400140014
86	27.52919291929193
87	27.03067306730673
88	26.122182218221823
89	25.57020702070207
90	25.395619561956195
91	24.738583858385837
92	24.207740774077408
93	23.453755375537554
94	23.286858685868587
95	22.331333133313333
96	22.28001800180018
97	21.434393439343935
98	21.25889588958896
99	20.327142714271428
100	20.03844384438444
101	19.536423642364237
102	19.174077407740775
103	18.953345334533452
104	18.434913491349135
105	17.96976697669767
106	17.685998599859985
107	17.048314831483147
108	16.617481748174818
109	16.566136613661367
110	16.17157715771577
111	15.817601760176018
112	15.55028502850285
113	15.414411441144114
114	15.335113511351135
115	15.164236423642365
116	14.792459245924592
117	14.424382438243825
118	14.284468446844684
119	13.931813181318132
120	13.852045204520453
121	13.506360636063606
122	13.273827382738274
123	13.02066206620662
124	12.849054905490549
125	12.26015601560156
126	12.175047504750475
127	12.05007500750075
128	11.912201220122013
129	11.726902690269027
130	11.325592559255925
131	11.138553855385538
132	10.857005700570056
133	10.676077607760776
134	10.582718271827183
135	10.351335133513352
136	10.036423642364236
137	10.025682568256826
138	9.814851485148514
139	9.727152715271528
140	9.675197519751976
141	9.382578257825783
142	9.235333533353336
143	9.112951295129513
144	8.984788478847884
145	8.853245324532454
146	8.762086208620863
147	8.657435743574357
148	8.48040804080408
149	8.321442144214421
150	8.116781678167817
151	8.016161616161616
152	7.91001100110011
153	7.822802280228022
154	7.735363536353636
155	7.5517451745174515
156	7.486368636863687
157	7.4292229222922295
158	7.340874087408741
159	7.19002900290029
160	7.06027602760276
161	6.995189518951896
162	6.766626662666266
163	6.6411041104110415
164	6.564526452645264
165	6.41974197419742
166	6.374877487748775
167	6.256075607560756
168	6.187378737873788
169	6.170477047704771
170	6.031973197319732
171	5.963786378637864
172	5.862836283628363
173	5.795109510951095
174	5.725472547254726
175	5.623602360236023
176	5.551665166516652
177	5.4646464646464645
178	5.418171817181718
179	5.365986598659866
180	5.212191219121912
181	5.117231723172317
182	5.08944894489449
183	5.08931893189319
184	5.054035403540354
185	4.92938293829383
186	4.9002700270027
187	4.861456145614562
188	4.843104310431043
189	4.742244224422442
190	4.6687168716871685
191	4.645464546454646
192	4.5994899489949
193	4.497759775977598
194	4.446344634463446
195	4.365856585658566
196	4.3286428642864285
197	4.254955495549555
198	4.21071107110711
199	4.175257525752575
200	4.104510451045105
201	4.056005600560056
202	4.035833583358336
203	3.995899589958996
204	3.9906890689068906
205	3.9722272227222724
206	3.9203420342034203
207	3.8926792679267925
208	3.8343934393439345
209	3.7985898589858986
210	3.739083908390839
211	3.693759375937594
212	3.687798779877988
213	3.6535453545354537
214	3.617681768176818
215	3.591979197919792
216	3.5707470747074708
217	3.5374037403740375
218	3.513171317131713
219	3.492999299929993
220	3.4705570557055707
221	3.448134813481348
222	3.4256425642564254
223	3.3982698269826983
224	3.367096709670967
225	3.3343034303430343
226	3.2787678767876787
227	3.260876087608761
228	3.216321632163216
229	3.1924092409240923
230	3.1743674367436743
231	3.1408440844084407
232	3.126952695269527
233	3.106130613061306
234	3.087318731873187
235	3.0726372637263726
236	3.047914791479148
237	3.0347034703470346
238	3.017621762176218
239	3.0083808380838084
240	2.9953395339533953
241	2.984028402840284
242	2.966996699669967
243	2.9467046704670468
244	2.918961896189619
245	2.9045004500450045
246	2.8923492349234925
247	2.882688268826883
248	2.86012601260126
249	2.844184418441844
250	2.828852885288529
251	2.8085508550855085
252	2.786108610861086
253	2.775947594759476
254	2.75969596959696
255	2.7464746474647463
256	2.723762376237624
257	2.6995899589958996
258	2.681078107810781
259	2.6706670667066708
260	2.6581858185818583
261	2.648174817481748
262	2.6322232223222324
263	2.6207020702070207
264	2.6113211321132113
265	2.6002300230023003
266	2.5937193719371936
267	2.586088608860886
268	2.5826382638263827
269	2.576057605760576
270	2.57017701770177
271	2.568776877687769
272	2.561276127612761
273	2.5563856385638566
274	2.5512451245124512
275	2.543944394439444
276	2.534803480348035
277	2.5308030803080306
278	2.527032703270327
279	2.521802180218022
280	2.518071807180718
281	2.5157415741574156
282	2.512041204120412
283	2.511031103110311
284	2.497159715971597
285	2.495809580958096
286	2.4933293329332935
287	2.490869086908691
288	2.4876787678767878
289	2.4812681268126813
290	2.4813681368136815
291	2.477157715771577
292	2.472327232723272
293	2.4705870587058705
294	2.4706570657065705
295	2.4645564556455644
296	2.461216121612161
297	2.457115711571157
298	2.454145414541454
299	2.450965096509651
