2500.2500250025
2334.295279527953
2017.1663766376637
1740.2095309530953
1523.64200420042
1347.8798779877989
1196.8259225922593
1083.2428242824283
978.7599759975998
889.4722772277228
816.0719671967197
747.2473547354736
691.0926592659266
638.2638263826383
594.6653165316532
556.6726672667266
512.2351235123513
481.05007500750077
455.26070607060706
427.0971197119712
402.73490349034904
377.2802080208021
356.26209620962095
332.1353135313531
309.93107310731074
295.8747574757476
277.94785478547857
265.43800380038005
249.43729372937293
238.06678667866785
228.07989798979898
217.16872687268727
208.26050605060507
197.63788378837884
189.3951395139514
181.7052105210521
173.0115411541154
163.52530253025301
155.77029702970296
148.0972297229723
142.13609360936093
135.5950795079508
127.73216321632164
123.2060606060606
117.45099509950995
113.7069206920692
109.96555655565557
105.44913491349135
99.42888288828883
93.64697469746974
89.44432443244324
87.02517251725172
84.76336633663367
81.59112911291129
78.3951495149515
74.410401040104
72.92362236223623
69.07577757775778
66.76069606960696
64.98409840984098
62.25314531453145
60.14985498549855
57.50743074307431
55.72576257625762
53.195839583958396
50.835773577357735
49.91089108910891
49.34176417641764
46.74880488048805
45.11970197019702
43.457125712571255
42.765986598659865
41.63941394139414
40.05784578457846
38.446404640464046
37.45309530953095
36.317471747174714
34.57429742974298
32.94021402140214
32.0956095609561
31.904430443044305
31.140544054405442
30.377427742774277
29.549034903490348
28.814321432143213
27.477947794779478
26.24048404840484
25.23293329332933
25.062406240624064
24.264286428642865
23.55255525552555
22.802410241024102
21.76095609560956
21.384098409840984
21.21922192219222
20.62164216421642
19.85886588658866
19.133833383338334
18.47171717171717
17.81921192119212
17.35122512251225
17.296109610961096
16.706030603060306
16.412391239123913
15.77003700370037
15.340934093409341
14.703860386038604
14.524612461246125
13.923362336233623
13.672867286728673
13.232953295329533
13.026202620262026
12.795849584958496
12.488918891889188
11.88990899089909
11.609400940094009
11.261186118611862
11.078107810781079
10.79007900790079
10.465106510651065
10.257715771577157
10.077457745774577
9.872037203720373
9.597209720972097
9.42065206520652
9.032433243324332
8.66075607560756
8.538943894389439
8.31993199319932
8.228342834283428
8.154165416541653
7.937453745374538
7.823762376237624
7.558455845584558
7.437833783378338
7.236293629362936
7.046544654465446
6.702600260026003
6.597389738973898
6.437493749374937
6.378387838783879
6.344674467446745
6.2233123312331236
6.111921192119212
5.86060606060606
5.72023202320232
5.576917691769177
5.5076007600760075
5.493009300930093
5.329152915291529
5.213301330133013
5.237663766376637
5.162956295629563
5.057985798579858
4.981378137813781
4.934193419341934
4.8837483748374835
4.83034303430343
4.792529252925292
4.694579457945794
4.637963796379638
4.561946194619462
4.495359535953595
4.402630263026302
4.305920592059206
4.240794079407941
4.179197919791979
4.157995799579958
4.084818481848185
3.9976297629762976
3.96009600960096
3.930873087308731
3.9143414341434144
3.859195919591959
3.829052905290529
3.7752375237523754
3.746814681468147
3.6936293629362935
3.6467946794679467
3.621002100210021
3.5921692169216923
3.5544154415441542
3.480678067806781
3.460726072607261
3.4096709670967096
3.396969696969697
3.376737673767377
3.342694269426943
3.322162216221622
3.3043604360436043
3.2675867586758676
3.215391539153915
3.2136713671367136
3.1874487448744873
3.162256225622562
3.1525352535253526
3.1196019601960194
3.0951395139513953
3.0715471547154714
3.0605260526052604
3.0414541454145416
3.0236723672367236
3.0036303630363035
2.9675267526752673
2.9364336433643365
2.9196019601960197
2.9014101410141016
2.8873287328732875
2.85987598759876
2.842054205420542
2.8134613461346136
2.8057905790579056
2.791049104910491
2.7819481948194817
2.7737273727372735
2.771807180718072
2.7663866386638665
2.761026102610261
2.7512451245124514
2.7497049704970498
2.7428042804280426
2.73998399839984
2.7342534253425343
2.733303330333033
2.733233323332333
2.7306530653065306
2.727872787278728
2.7259025902590257
2.723672367236724
2.7202320232023203
2.7135413541354136
2.7118211821182117
2.712061206120612
2.7114511451145114
2.711791179117912
2.7103910391039103
2.7102810281028105
2.711871187118712
2.7053705370537053
2.7085008500850085
2.708830883088309
2.7103410341034104
2.7092209220922094
2.709120912091209
2.7085108510851086
2.708020802080208
2.7064606460646066
2.7075807580758076
2.7063106310631064
2.7053105310531054
2.706920692069207
2.702900290029003
2.7017701770177016
2.7034803480348035
2.7022802280228024
2.703880388038804
2.7050305030503052
2.7036403640364037
2.702310231023102
2.7026502650265027
2.7034103410341035
2.7026902690269026
2.7022602260226023
2.7029802980298028
2.7036003600360035
2.7026102610261025
2.699189918991899
2.7013301330133013
2.7016301630163015
2.7034503450345033
2.704010401040104
2.7024502450245023
2.7035003500350037
2.7034303430343036
2.704140414041404
2.7044004400440045
2.702670267026703
2.7025402540254024
2.703030303030303
2.702230223022302
2.703860386038604
2.7033303330333034
2.7033103310331033
2.7037703770377037
2.7015701570157016
2.6981598159815983
2.6984998499849984
2.6984798479847987
2.6997999799979997
2.7002500250025
2.7003100310031005
2.7024102410241024
2.703160316031603
2.706110611061106
2.7044504450445044
2.7057305730573056
2.7055805580558054
2.7056105610561056
2.707190719071907
2.707180718071807
