2500.2500250025
2334.295279527953
2017.1663766376637
1753.429682968297
1524.2685568556856
1337.6468646864687
1200.0218221822183
1079.2941694169417
976.0975697569756
881.6207420742074
806.1941194119412
732.5828582858286
666.9270627062706
608.5574557455745
568.6297329732973
522.4032703270327
485.3616261626163
453.5378437843784
424.6103310331033
400.23996399639964
374.05367536753675
350.4967596759676
330.8152915291529
307.24204420442044
285.3839383938394
269.8035803580358
254.41900190019
242.39154915491548
231.33467346734673
220.87759775977597
206.66011601160116
194.62256225622562
182.77285728572858
171.592899289929
163.2134613461346
156.9111111111111
149.0106410641064
140.64366436643664
135.17572757275727
130.76245624562455
125.35536553655365
119.15691569156915
111.75813581358136
107.98304830483049
103.14082408240824
100.02317231723173
94.71535153515352
89.87260726072607
85.7915891589159
82.52530253025303
80.31657165716571
77.82352235223523
75.08637863786379
73.61865186518652
69.42500250025003
66.93876387638764
65.88823882388239
63.874557455745574
61.17150715071507
58.385678567856786
56.11385138513852
53.93403340334034
52.26019601960196
50.72961296129613
48.13889388938894
46.95705570557055
45.895379537953794
44.21360136013601
43.19011901190119
42.19057905790579
41.38202820282028
40.583388338833885
39.564226422642264
38.69030903090309
36.87682768276828
35.72403240324032
35.23294329432943
34.022932293229324
33.91701170117012
32.77595759575958
31.02059205920592
31.4012701270127
30.806100610061005
29.304800480048005
28.766486648664866
28.64913491349135
27.984128412841283
27.49091909190919
27.034353435343533
26.752445244524452
25.476367636763676
24.78042804280428
24.037523752375236
23.234693469346936
22.748044804480447
22.186648664866485
21.553175317531753
20.80946094609461
20.455175517551755
20.221852185218523
19.854995499549954
19.432383238323833
18.728522852285227
18.317251725172518
17.996539653965396
17.605100510051006
17.63019301930193
16.913491349134915
16.75202520252025
16.00880088008801
15.565436543654366
15.1992199219922
14.637313731373137
14.513561356135613
14.033893389338933
13.808320832083208
13.56038603860386
13.481348134813482
13.35904590459046
12.885208520852085
12.371937193719372
12.080878087808781
11.97063706370637
11.524052405240525
11.48976897689769
11.347874787478748
11.075727572757275
10.973807380738073
10.62837283728373
10.354645464546454
10.36004600460046
10.278857885788579
10.044604460446045
9.803300330033004
9.518971897189719
9.406770677067707
9.233583358335833
9.122542254225422
9.073197319731973
8.634023402340235
8.530413041304131
8.422362236223622
8.315411541154116
8.196379637963796
8.075897589758975
8.008970897089709
7.826022602260226
7.515991599159916
7.422202220222022
7.295089508950895
7.121952195219522
6.963216321632164
6.845114511451145
6.74016401640164
6.615111511151115
6.559075907590759
6.482328232823282
6.463156315631563
6.358305830583058
6.254685468546855
6.175547554755475
6.094789478947895
6.025612561256126
5.924242424242424
5.864576457645764
5.755995599559956
5.651565156515652
5.5147314731473145
5.405210521052105
5.365196519651965
5.2014901490149015
5.146954695469547
5.099249924992499
5.046014601460146
4.99018901890189
4.904660466046605
4.833433343334334
4.7573957395739574
4.686398639863986
4.6582758275827585
4.586958695869587
4.537413741374137
4.508370837083708
4.471657165716572
4.432073207320732
4.407430743074308
4.3515051505150515
4.297289728972897
4.2304330433043305
4.141674167416742
4.065836583658366
4.032353235323533
3.979057905790579
3.9613461346134615
3.958825882588259
3.8855885588558854
3.8594459445944596
3.801800180018002
3.7575357535753575
3.7234623462346232
3.7018401840184016
3.6504250425042506
3.631883188318832
3.606220622062206
3.5904490449044903
3.5693969396939695
3.5214121412141215
3.4617461746174616
3.4446944694469446
3.4294829482948295
3.408080808080808
3.386968696869687
3.3404040404040405
3.315311531153115
3.264096409640964
3.2278027802780276
3.198129812981298
3.162946294629463
3.1524652465246525
3.128122812281228
3.0999499949994997
3.0744974497449746
3.0584358435843586
3.024952495249525
3.0014901490149013
2.97007700770077
2.9446044604460444
2.9254825482548257
2.90990099009901
2.8923192319231923
2.876987698769877
2.8675967596759677
2.852185218521852
2.834823482348235
2.8144614461446142
2.7988598859885987
2.787298729872987
2.773857385738574
2.757835783578358
2.737333733373337
2.723322332233223
2.699189918991899
2.6885888588858884
2.6753575357535753
2.667056705670567
2.6525752575257524
2.63988398839884
2.634073407340734
2.6255625562556255
2.616941694169417
2.6124812481248125
2.6076707670767076
2.5996199619961997
2.595099509950995
2.592269226922692
2.5846884688468847
2.580888088808881
2.5765276527652765
2.5665866586658668
2.564686468646865
2.5623062306230624
2.5579157915791577
2.5534753475347536
2.543664366436644
2.5374237423742376
2.531913191319132
2.52988298829883
2.5261526152615263
2.5185218521852186
2.5124512451245122
2.5091709170917094
2.5006900690069007
2.4966296629662965
2.4915291529152914
2.4847584758475847
2.4795179517951795
2.4724472447244725
2.469426942694269
2.464756475647565
2.4615561556155616
2.46021602160216
2.4515151515151516
2.4475247524752475
2.4451845184518453
2.4454545454545453
2.4394739473947396
2.4318231823182317
2.432913291329133
2.431983198319832
2.43011301130113
2.4276527652765276
2.424022402240224
2.4237523752375236
2.4233223322332234
2.4234023402340235
2.4207020702070206
2.415211521152115
2.4108710871087107
2.4112311231123114
2.4064206420642065
