0.0
0.10399999999999983
0.2991999999999999
0.43514761904761745
0.5564761904761893
0.6355460317460322
0.6905803751803753
0.728926046176046
0.7634217416570347
0.7845319275753477
0.8049692300647397
0.8251783641539068
0.8354056154973337
0.8416759122284659
0.8480186071802738
0.851843136121219
0.8567267803837326
0.8535241129695587
0.8525950495261598
0.8525123633432721
0.8512614643845409
0.8508427039684813
0.8462864313997237
0.8439639532713589
0.8368235949921016
0.8323605423326231
0.8287027027083788
0.8257845831410783
0.8253805354877466
0.8255266283326846
0.823501079126867
0.8215304411904476
0.8201976720080858
0.8180955110404807
0.8139200974920474
0.8071574235288067
0.8057550410912662
0.80230125825223
0.7984947114088152
0.7945639722367988
0.7897314600956604
0.7852963448611445
0.781369065587024
0.7761561596349776
0.7706368711692787
0.7671486690031567
0.7628016415629492
0.7581054322320845
0.7490201103756916
0.738704433836087
0.7330882724086807
0.7275881954693524
0.7193940314123731
0.7112893386871141
0.7027096155877844
0.6945095245793278
0.6868894734357857
0.6805194349991882
0.6722316342435577
0.666644654545671
0.6548591064303935
0.64677107643749
0.632608331978094
0.6254022016410771
0.6152167242273658
0.6041568703355127
0.5973238239868676
0.5876448274310881
0.5776681257457438
0.5659279908326352
0.55865926619239
0.5498697654798319
0.5414373103430475
0.5282848542470799
0.5180245601021815
0.5086250997096529
0.49908942462028527
0.48867481671868085
0.47939838908608307
0.4681098838070499
0.45792927346549633
0.44919219093055957
0.4403458885830504
0.4326433240519721
0.4265650140987139
0.415385494787833
0.40437855223147845
0.39538819529242153
0.38851654989857715
0.38009003075232706
0.37251148013835683
0.3634673760919562
0.35604250375236945
0.34683071575993724
0.33853501399204544
0.3293621728206845
0.322615101990219
0.3163571722069496
0.3103411912218846
0.30229255457404114
0.2941645488256769
0.2875304531175058
0.2814651423146659
0.27486438399360896
0.26830364143279944
0.2620720027885798
0.2531764155788843
0.24524807271730353
0.23923752006394997
0.23321861634116575
0.22774168746200163
0.22172028333181643
0.21529830019481253
0.21015999532755247
0.20437513535399335
0.19890612882021844
0.19389399548508093
0.18855510813071233
0.18361538037966857
0.17987245828554915
0.17468062606438098
0.16957917623770985
0.16406985554908443
0.1605407508804965
0.15734696852585042
0.15347607268702432
0.14972293102639714
0.14512399450946506
0.1411860134172778
0.13713962442824845
0.13408852705762392
0.13106241465792984
0.12783161452250888
0.12438769699254949
0.12095536516001922
0.11767624382501768
0.1139121149717893
0.11023910216499128
0.10818802549422137
0.10540358428207695
0.10217382740827155
0.09874862263883914
0.09584031372496979
0.09333461880451643
0.0907871664137281
0.08803899273068024
0.08567383554275866
0.08399617387619181
0.08152799919663622
0.079638157639722
0.077127802487759
0.07550677105312988
0.07348057985320164
0.07182129116709747
0.07008226584697892
0.06761060414568025
0.0659305993677801
0.06414387063597471
0.0628628005738074
0.061133705609289365
0.05925086542078007
0.057463602787953524
0.05634992175291589
0.05523287575429565
0.054398535816982424
0.05320998359615092
0.051756612528484916
0.05019797863559253
0.0490896724042651
0.04778050595227092
0.0464688169417372
0.0455499646720126
0.04450203184385935
0.043244386756607744
0.0419967103284286
0.04090870982770748
0.04000902846985408
0.03908865305975349
0.037736456139055824
0.036453679111304295
0.03534295717641927
0.03433640100711027
0.033410395487546415
0.0323513428227696
0.0313177035203862
0.03060960726428754
0.030027672354917326
0.0294590970117507
0.028838849159577396
0.028274198620995717
0.0277050058262994
0.027225253604990063
0.026733555374652357
0.026145862347431846
0.02551023503384159
0.025071293516388274
0.024512958883400576
0.024090110487871703
0.023574414145754213
0.023165983535022725
0.022640588381318792
0.022278421266171692
0.02170909387890552
0.02146847352567643
0.021064038019153016
0.020601731586613093
0.0202205524283263
0.019933722488266532
0.019689975295373856
0.018972970842616267
0.01879431911908411
0.01826600954477869
0.01808425760069062
0.017928822529703042
0.017569200663204766
0.017174268902251048
0.016749956358919408
0.01633912983908882
0.01599259849677431
0.01569067609706062
0.015411905898320543
0.015259149722976772
0.014989151794295377
0.014685993230023377
0.0145533052378626
0.014257764613450082
0.013919578862117941
0.013834710540660173
0.01354324378907264
0.01343599461457693
0.013191860513012124
0.01302903840018339
0.012770826646538834
0.012475432469017625
0.012137953328738939
0.01210707794197593
0.011854575542158664
0.01151088403884668
0.011371989833132527
0.011313521115154978
0.011277981903442954
0.011198098189267347
0.011017726076312044
0.010869234221235573
0.010812412375423441
0.010753027312914654
0.010390879446546245
0.010195314328580798
0.010038445441813723
0.00996015440529623
0.009892396873988853
0.009875224568368157
0.009892641853476368
0.009791477507227692
0.009786813882588364
0.009972547507873178
0.009920911286923345
0.009880215698255992
0.009930897458795341
0.009897620916033554
0.009806244677648226
0.009688468524653797
0.00950213663110926
0.009619582228633277
0.009575604945576556
0.009599881154075045
0.009537219198895856
0.009565947867594632
0.009506798737219853
0.009527940628336099
0.00947846169470108
0.00931955742173124
0.009394757762827199
0.009512805788757878
0.009499090669784844
0.00936758544873354
0.009555171537128508
0.009544025557538654
0.009479340495627249
0.00957679731445918
0.009699673211560348
0.00956690067535042
0.009549456501305455
0.009403232608317923
0.009494129245066915
0.009571000825669198
0.009587030146786576
0.00948896447387966
0.009500994204941089
0.009478233723237662
0.009451349002819517
0.009515104086675856
0.009555159836144777
0.009564434371425849
0.009492061163801021
0.00949969658557593
0.009613586389467257
0.00956292261990886
0.00959164368366824
0.009597215286928746
