0.0
0.10399999999999983
0.29799999999999993
0.4270333333333316
0.530569047619046
0.6088214285714285
0.6643698412698421
0.6935849206349217
0.7375873737373742
0.770473826173825
0.7879628732378737
0.8093739846754553
0.8219056876130392
0.8306367675925721
0.8340750002491483
0.8362416686598573
0.8352953973529061
0.8399736162504144
0.8416733704178144
0.8367779574077524
0.8381634172737603
0.8368350385650407
0.8331595054880098
0.8278268343696681
0.8203173825427529
0.8148077433478085
0.8088966755033913
0.8101610497605926
0.8080052261588935
0.8071926279761098
0.7998140579399258
0.7970954289813038
0.7919534503773438
0.7872582093177146
0.7855639042132601
0.778293254127881
0.7768471174632388
0.7684979519285122
0.7658997095133063
0.7638981335616256
0.7610395016720001
0.7578128040747396
0.751734818312725
0.7476628892885648
0.74400528597136
0.7426845517646855
0.7413179607341636
0.7398667724490611
0.7383033525872426
0.7368195412411924
0.7323521053998966
0.7300525955149697
0.7286776770208723
0.7284323044008841
0.7242765803564076
0.7186756240110717
0.7155266269305632
0.7098521292356398
0.7077345179604139
0.7066791912871123
0.7028053313197721
0.6996670690208118
0.6953362261331737
0.6898548163911998
0.6829312710612875
0.6800307580173418
0.6775257030903328
0.6740456381602781
0.6688749557577459
0.6646861500320873
0.6607810075014113
0.6567476942779774
0.6538348497313949
0.650152169120388
0.6461413605274527
0.6419248372654541
0.6392496529071857
0.6353799429031066
0.6314302065786465
0.6260881601360087
0.6203692077110075
0.6141088231295246
0.6098364617949493
0.6048098197262887
0.5990184141803353
0.5936985056354032
0.5857014016994097
0.5792657476729173
0.5736350809405619
0.567952538841729
0.5631243086037979
0.5557664906947126
0.5508346257751798
0.5458978347044751
0.5402403680929678
0.5335668397462746
0.5261706220706562
0.51935227007678
0.5115809898554106
0.5065420292665198
0.49842798651127973
0.4918322278460026
0.48508226093781337
0.47981295553849707
0.4739281977999739
0.4662565465518989
0.4596406625050544
0.452436372411701
0.44628130435763613
0.43785861776685275
0.4302633904542569
0.4251998708314226
0.4176819158247789
0.41104239361394995
0.40563469115868034
0.4005670713625185
0.39468837462656803
0.388055971466497
0.3804385215074526
0.37430030790111707
0.3686081547140345
0.3617879956125978
0.3554328609352638
0.3470565770394942
0.3425603764859292
0.3368458987301002
0.3301917559931245
0.3251217789033947
0.3185495512431033
0.312802883861461
0.30746670129729187
0.30187606918867943
0.2959092521265838
0.29188920775856125
0.28758640254711876
0.28140823373680124
0.27671555639915657
0.27104528991210286
0.267527967625417
0.2628057483666706
0.25798536650506615
0.25203382746443775
0.24737213700644742
0.24273074174311476
0.23874272636383412
0.23506219336460218
0.23140995193662645
0.2278178816542952
0.22336260178020076
0.21927624194370346
0.21565953546035008
0.21104125622900266
0.20711788877973306
0.20404436487939265
0.2001220559661331
0.19700533207423013
0.19310890356569496
0.18940685814412336
0.18605542430514152
0.18260518480502105
0.1788154439852232
0.17552290489233946
0.17237223164941812
0.16972614076004225
0.16635697071182642
0.1631363923908488
0.16003041677689206
0.15675924801317345
0.1537261757452593
0.1516362288773461
0.14916868405669298
0.1463545241945527
0.1439115401230619
0.1410068736962565
0.138554236537402
0.13599673188908531
0.13356234126201935
0.13115879193568725
0.12824023964147185
0.12566949441812544
0.12395375826626025
0.12179919363638586
0.11985371125377894
0.11733748307222133
0.11548773242459835
0.11362168246622469
0.11184875539877359
0.10950125545204462
0.1073854149033716
0.10552929758619178
0.1032992026748004
0.1013657094355831
0.0996856066605064
0.09788978930858402
0.09600594278250342
0.0946141511652472
0.09315984389148178
0.09156538813462851
0.08926451275108635
0.08753351898371761
0.08615578032667155
0.08443804261088361
0.08264737533029153
0.08117528632407009
0.07994629859431253
0.07866229354107451
0.07708507827539937
0.07549568001876542
0.0742700570074756
0.0727291878690883
0.07133438965682774
0.07005917751469865
0.06864801218071934
0.06730280258730997
0.06616708360345858
0.06505505445439252
0.06379768468873025
0.06260225221499725
0.06137510039247843
0.0602470399400802
0.05893450494915129
0.05765450656830109
0.05667788861777171
0.055892413632882186
0.054715119887794934
0.05380755209816722
0.0527692312601875
0.05187724482575751
0.05082783669220887
0.049789341022934586
0.04895587182358748
0.04811152346612193
0.04727012759937004
0.046486311589400905
0.04572830624404261
0.04500236133332272
0.04407478569238936
0.04336813635882357
0.042519958070415906
0.04187493092402768
0.04114215631505749
0.04041105408273144
0.039588785422007694
0.03872684434170265
0.03794465712699101
0.03727047393762143
0.036619751449601834
0.03603704788002494
0.03534086331021811
0.034607274311981705
0.03398804497116205
0.03337804793555685
0.03265092612346586
0.032151563645412676
0.03160273263615622
0.031024239777529633
0.030391159100581832
0.029826002754025645
0.029215841309236552
0.028640330555916815
0.028130008715966534
0.02771748555352677
0.027202977173973585
0.026729768194625556
0.02638734898614223
0.02585995230346131
0.025389413184836257
0.024840764653478946
0.024372795967358675
0.02386333138421293
0.023463558801631146
0.022899386710428796
0.02240413596122065
0.022077426882694987
0.021723065989435603
0.02131075978797534
0.020891704272732133
0.02053180828911999
0.02017271252811912
0.019787275452649238
0.019444205469787094
0.019105963676011525
0.018778793123616206
0.018487879660781553
0.018177420957971584
0.017911056911008694
0.017604289587709872
0.01736441330789734
0.017088397172897386
0.016758891344914525
0.016573604516661816
0.01630085276092424
0.0160062239308285
0.01573849819212838
0.015526222518812397
0.015335269544328085
0.015122068400295422
0.014831384686028544
0.014631785439168835
0.01446853020002466
